432269,444087,411685,425698,299641,271145,271692,317064,290277,276904,318003,296959,295205,311033,265133,285247,306056,263601,335077,324196,289915,352577,258706,295832,285740,271433,342200,279400,309449,296153,290743,302610,296332,293429,270196,300345,297326,336220,317560,321889,340117,312724,285903,327987,307961,332330,313133,311366,303813,322017,305801,306813,318989,295056,326467,333533,331285,311605,298784,318111,355789,358091,364333,12
411795,433172,402399,416325,288973,273310,273384,305903,284766,266519,303827,282770,290921,292355,260209,287302,299296,251057,330547,304811,279296,348869,256322,280366,283333,265516,335694,282121,285446,288157,273544,290252,275763,291647,262932,286697,286516,322643,309624,317934,324286,304405,273874,313574,288586,318551,303103,298118,295477,318755,293886,287042,304299,282594,312494,323884,328694,300955,292129,312323,334961,348867,8,364370
407132,422217,393584,405461,284476,267984,263144,300150,276895,266365,297279,282674,284650,287491,257394,277112,297414,247841,329400,299830,276435,345985,251462,274977,278665,263583,329424,269006,283729,280099,273082,283003,282543,282276,255338,289782,285806,317425,303298,310168,317438,300533,274114,313568,284885,315380,302482,295762,293567,311597,287600,290557,301526,280481,309085,318688,319836,299502,288369,306909,330104,4,348791,357990
413881,411214,379486,390003,275424,255577,252462,297580,264451,255831,296736,272596,269031,287542,244255,269240,281731,242833,315354,296828,277061,327904,243086,274730,267730,250444,313342,255003,282521,266329,270318,277552,278956,271439,251972,285072,282516,312138,292164,298341,321858,295528,266273,299574,288523,312157,289542,287952,281653,304164,282958,285707,297165,278284,304289,308815,304845,291796,279226,293409,14,330090,334913,355734
357502,379812,355808,359940,252051,239108,237433,270017,249755,241364,265683,255286,255139,257166,226523,253295,262360,222063,290537,266886,247507,309606,224848,243395,254014,236132,294955,244246,252557,252529,240227,253472,243178,253652,231208,252098,255606,282891,272216,280165,274721,267998,244321,277971,249352,276327,270752,266061,264282,281445,259055,253556,272253,247694,275747,285312,290280,265112,256271,6,293379,306927,312298,318083
342138,353987,328331,339115,233495,222114,219942,249870,237026,224724,251463,233895,241661,238644,217816,233379,251916,212969,279450,250730,230862,289437,213399,225089,234109,222105,276184,224691,237188,239060,228004,240300,233600,237268,223352,244458,242278,266550,256954,259957,264759,253807,228503,263110,242394,263932,253887,250255,249292,266469,248001,242038,255579,234169,256932,268794,272439,248658,2,256253,279235,288398,292122,298751
353077,368147,341554,345679,249164,235080,227955,257786,242062,232384,267094,246530,252094,255270,223688,242551,261311,221498,287816,267160,241924,300746,222330,241949,242379,226193,290505,234884,247607,244122,240931,249057,241455,247747,225367,246250,246869,277305,264486,271097,280040,265623,240685,275456,247391,275765,261563,258760,257981,269726,254580,250224,265085,243958,266968,272518,275399,6,248663,265100,291788,299500,300890,311538
374348,395679,365249,385604,261878,251980,250401,275481,266934,253716,273060,268190,269932,265311,237766,266810,274546,237085,319060,279394,251758,330934,238806,256067,263740,244319,311291,251657,256398,262868,255175,268237,258264,268599,243027,267427,262531,298112,290667,291349,289762,283150,253800,291867,269264,292413,281496,282527,273648,294864,277050,264754,278192,259399,283740,297065,14,275435,272453,290275,304838,319881,328652,331231
376402,387553,361448,375496,262437,242338,244114,279954,257731,249339,279288,259143,261432,276187,233788,259044,271298,233362,296703,279711,255842,317853,233066,259934,254557,243034,303831,252137,268486,263057,256267,264965,259838,263251,237023,269264,264336,291650,278587,289630,293244,276744,253820,286510,264612,295286,278063,275950,264634,288020,272567,274992,285398,259960,286151,16,297085,272545,268773,285291,308840,318699,323864,333477
366670,376950,352303,362331,258252,231331,234595,270240,247414,236455,269461,249527,255045,265149,225313,249219,262834,223310,288559,275570,251110,302538,225334,249059,247893,233568,285684,241491,261847,253265,244441,253316,252854,253653,234256,255660,256104,287075,268506,278196,286088,267044,242659,275958,258082,282685,263846,268865,261209,278956,258509,259829,276078,249298,8,286139,283756,266988,256921,275753,304304,309082,312479,326449
339548,343105,318297,329114,236125,218598,210117,243858,220064,217181,245237,233369,233791,238316,207303,228669,240638,206055,262932,254527,235000,276242,209090,229100,223017,217482,264049,219939,236220,225709,228295,234902,233069,233391,213574,239874,233993,255038,246651,249181,263930,243134,228799,250206,239051,259280,243766,236814,240408,253173,241983,237375,251473,2,249290,259932,259405,243946,234176,247696,278268,280508,282557,295010
365645,378106,352297,359634,258055,232253,231291,268840,244177,234551,268285,250753,255653,262363,224935,244312,256993,221971,283919,269780,251620,297131,220858,249043,245947,228132,282227,237244,260305,250413,241634,255210,249384,249466,230301,255820,258027,284082,269139,272636,284356,262304,239474,270624,256467,280746,265712,257796,255669,272326,257284,260889,22,251447,276083,285403,278169,265112,255568,272261,297176,301518,304303,318910
350916,357796,329214,333962,243292,228755,218735,254248,228792,221998,250012,238731,234640,246787,211692,233562,244424,209549,269711,255088,235416,282718,210129,233752,229071,218545,269296,226028,243860,232090,234310,237682,239046,232658,213976,242701,238403,263946,253691,259804,272738,249483,226694,258895,243309,270643,252103,242776,242132,257750,246630,6,260885,237370,259850,274944,264771,250228,242014,253536,285709,290543,287026,306749
341516,355048,327199,341601,237992,228284,223636,250231,237223,226781,253417,240660,237894,243125,216034,237635,251212,211981,282879,256190,236929,286478,213634,233856,235288,218655,279458,229232,236722,236245,230540,239088,231611,238823,220116,239559,236946,271988,257009,264073,264284,255469,229745,261555,244227,267068,257580,252370,248776,261912,4,246630,257300,242002,258512,272593,277071,254571,248041,259038,283008,287618,293874,305759
360176,387579,365283,373898,252531,246944,241865,264344,257403,241682,270576,258314,259062,260507,234104,259029,267576,225470,299388,270863,246391,316038,233234,246754,254534,235893,301595,246531,257927,256066,241731,256615,250412,260235,239321,257499,258011,294567,275296,281154,286124,276318,242692,277754,256808,278652,274899,270279,267256,6,261947,257746,272347,253207,278966,288060,294890,269760,266482,281471,304209,311642,318779,321997
340806,358593,330178,345442,236105,230450,225158,249995,239015,227323,252062,241630,240384,242263,219422,241534,251916,214932,284891,253661,230234,299882,217150,230006,233966,226771,281750,230586,235126,240818,226277,241290,233804,247963,220300,240538,242800,268896,258944,269408,266877,260034,231773,265449,243437,263147,258693,256140,4,267264,248760,242168,255688,240455,261190,264636,273634,258007,249296,264275,281683,293544,295438,303765
342397,367357,342303,349062,243716,233567,230505,251545,246387,228271,253149,245143,244332,246746,223208,248636,254250,217763,290463,258858,229688,300530,220329,235163,242318,229710,287854,236590,240820,245584,232055,245527,237626,247576,225825,244155,245994,274618,259935,270520,266048,264699,236277,267872,239666,270151,263628,6,256141,270290,252400,242807,257777,236850,268873,275986,282556,258769,250265,266060,287959,295850,298076,311338
345142,370759,346652,351717,244342,235357,234091,257610,248226,232200,260584,248883,248750,251221,222648,248107,260856,218665,290050,263809,239632,302163,219132,236667,243443,230420,287265,233616,244864,245146,236444,245710,238791,248114,227393,246038,254027,277609,264539,274693,268336,267411,233508,272408,247339,275590,6,263631,258708,274914,257622,252124,265725,243788,263875,278078,281501,261578,253885,270764,289581,302483,303079,313092
376737,387548,359414,370254,266192,239616,236926,276963,250188,242257,273271,258761,258253,271791,230462,253837,268640,228717,298757,279204,252889,315037,228330,258345,252986,238552,298657,246181,258138,254252,253294,261266,259262,257227,233599,262026,256674,289107,278523,281563,295656,271556,247886,277310,267941,4,275568,270129,263157,278600,267070,270669,280748,259280,282675,295310,292410,275770,263922,276346,312182,315427,318542,332259
347333,347358,322810,334536,241306,222578,219775,250067,227563,214873,251207,237538,235491,247108,215348,228525,241842,212725,266816,254111,236700,281417,213018,234438,232120,218782,270177,224358,239527,232647,234194,237975,238825,233251,215708,241349,238470,267471,255177,256648,271659,254106,228310,258185,6,267921,247283,239630,243367,256789,244234,243381,256460,239059,258091,264613,269259,247385,242366,249307,288522,284873,288488,307843
364467,384972,360424,368005,250485,238587,237868,269369,256396,244486,265624,255284,258388,259480,233573,255780,270228,225557,302068,268828,245011,312306,225194,244501,250331,238677,304129,238950,252110,257647,246353,255873,250963,256864,235156,254292,258501,287686,274985,277609,278763,274021,246107,4,258195,277333,272372,267876,265471,277724,261559,258930,270614,250218,275970,286483,291886,275468,263116,277994,299572,313641,313571,327971
323645,335908,309208,319962,223915,209730,210262,235665,222621,211466,241040,223624,225574,227862,202108,224344,234480,201782,261810,239287,220652,276928,200135,218917,219660,206054,264895,211797,222684,221681,217036,226905,223269,224952,207174,229452,229252,252483,242458,246978,252351,244631,8,246097,228322,247891,233486,236209,231728,242668,229761,226686,239492,228814,242673,253819,253821,240654,228478,244301,266294,274115,273817,285808
352803,368368,344999,351687,246544,238712,228858,258331,245207,236170,263039,249929,249468,249226,227458,249687,261133,220041,296930,264268,243007,304666,220306,237584,242567,229461,294925,233155,243831,243901,239348,246434,243966,244876,229179,248731,246900,280260,267598,267860,272129,16,244717,274048,254188,271610,267383,264703,260074,276352,255493,249540,262343,243172,267041,276736,283186,265663,253842,268004,295539,300516,304430,312731
392137,391350,362657,367137,263914,245012,241091,274822,253480,245234,286697,263569,260167,272616,232420,256142,269030,233342,298810,281140,263213,311016,228734,257205,254731,236529,302393,242574,266339,257365,251966,266869,265755,257097,240666,269001,262618,288363,277054,286671,12,272113,252425,278799,271765,295654,268351,266070,266893,286116,264298,272801,284391,263982,286136,293284,289773,280051,264767,274724,321872,317450,324250,340081
361084,386999,354792,363239,254298,242966,237823,265487,254286,240803,273385,253045,258358,259978,230343,255406,265138,227074,298776,263713,246081,310272,228086,239031,250627,238929,303642,241654,251438,254913,245051,258120,251135,255794,231597,250833,256596,286302,269796,6,286713,267842,247048,277619,256751,281586,274717,270544,269409,281149,264089,259864,272663,249291,278225,289632,291391,271101,259979,280167,298377,310230,317973,321943
356694,372041,344264,354739,246963,236991,230850,264110,245070,235927,263719,246960,252754,257783,225853,251033,262740,219847,291949,268160,242462,309056,220382,239753,241404,230612,289344,236449,248589,247314,239412,251229,244172,253648,229665,249621,249627,281557,2,269773,277099,267574,242553,275005,255251,278555,264518,259962,258943,275309,257051,253747,269184,246714,268566,278624,290679,264535,256970,272219,292194,303355,309609,317616
369659,389999,361409,370118,258550,248158,244310,278393,258798,250601,272426,259775,261428,267466,234873,261450,281559,229740,305625,278910,247740,313683,233727,251865,256622,244167,309761,248138,257304,259536,249435,258295,255777,261869,243003,264194,259726,10,281513,286203,288306,280131,252485,287626,267457,289081,277550,274552,268864,294506,271952,263955,284108,255084,287078,291617,298094,277267,266541,282869,312149,317435,322558,336171
333661,346052,327833,335493,236180,219371,219472,245405,227425,220266,250704,233169,237225,244602,210442,232198,245504,207878,270814,249116,231470,284728,211627,226445,228586,217972,269062,224395,234483,234423,227469,236157,232514,231004,215843,234904,14,259704,249561,256500,262631,246843,229285,258493,238506,256662,253968,245955,242761,257967,236952,238426,258037,234018,256105,264336,262532,246875,242240,255614,282527,285759,286445,297313
348671,354464,325456,333213,240908,218538,219023,250383,227394,221242,253726,238372,235341,246523,211286,233350,244437,211789,268862,255375,235606,282091,214140,234239,227854,216863,270018,217421,243956,231620,232764,237825,235690,230096,215523,8,234891,264155,249582,250803,268978,248683,229466,254281,241350,262020,246039,244137,240523,257449,239567,242667,255822,239902,255662,269224,267425,246282,244443,252114,285080,289817,286648,300348
303652,322156,296234,304630,213991,201062,201097,226011,210125,202750,228837,208789,218505,219672,193972,209008,226248,190783,246168,220897,207489,257368,191420,203993,213402,199543,249073,201546,216940,216006,205335,212361,208569,213905,10,215530,215829,243044,229611,231522,240647,229123,207197,235137,215723,233594,227372,225790,220270,239256,220154,214033,230322,213598,234253,237036,243034,225347,223343,231200,251978,255344,262849,270152
328654,349412,324284,336933,228321,220335,217164,248238,232440,227371,240110,232946,236570,239016,206020,234062,245402,208267,273879,246726,226646,282601,211531,226229,228830,217770,270005,224156,230993,236128,220707,233752,225656,4,213928,230100,231043,261892,253625,255780,257108,244874,224962,256876,233247,257252,248112,247550,247977,260196,238820,232680,249512,233411,253678,263284,268610,247736,237283,253661,271450,282317,291634,293385
336117,343617,314882,322952,231497,214583,210943,244686,219677,212470,249840,230325,225856,241588,208050,224486,237330,206502,262961,247282,226981,272631,202933,230542,224788,210238,261651,211246,241305,224603,225745,234016,8,225669,208572,235708,232512,255759,244158,251110,265739,243941,223267,250928,238852,259228,238790,237622,233772,250370,231600,239037,249399,233068,252838,259846,258241,241458,233593,243220,278924,282575,275737,296335
332705,345591,322895,330910,236200,219464,221580,246300,228961,224460,248192,235587,237731,242375,208945,230363,243819,207794,273428,251229,230929,282668,208747,233474,227841,214655,264737,218050,237424,230602,227207,2,234019,233759,212371,237836,236161,258295,251205,258108,266878,246446,226910,255861,237988,261262,245682,245496,241313,256584,239105,237703,255225,234917,253324,264961,268231,249065,240291,253460,277555,283018,290212,302613
330217,337470,307788,318437,227479,214247,209726,239523,219735,210568,240219,226881,225594,237644,202974,222975,229991,202827,259959,243398,225872,268915,198454,225611,215699,204929,252530,212099,233314,222705,4,227206,225724,220723,205316,232790,227468,249452,239390,245038,251941,239327,217065,246339,234197,253283,236420,232024,226233,241679,230532,234317,241585,228287,244444,256250,255172,240891,227992,240193,270320,273090,273486,290685
328339,346737,327838,330571,232762,218029,219747,243169,230967,219821,244224,232920,233363,237060,210898,234069,240761,206015,264284,241104,227249,279956,206026,220206,230034,219046,262857,221361,231088,4,222722,230585,224618,236120,215990,231626,234407,259544,247296,254877,257371,243870,221705,257676,232670,254250,245168,245565,240827,256072,236268,232109,250410,225735,253265,263089,262894,244138,239064,252515,266328,280083,288119,296139
345672,350350,323126,333612,238376,216925,214661,250913,228019,220732,251899,235673,235270,250243,207573,227006,241096,209575,258992,252837,238340,275926,207199,236798,229201,219236,263583,221330,8,231106,233353,237421,241375,230973,216926,243941,234475,257279,248560,251365,266293,243783,222675,252106,239530,258133,244850,240790,235122,257886,236697,243855,260342,236214,261821,268484,256377,247635,237170,252536,282537,283683,285407,309382
310776,332165,309522,318000,222915,210616,209044,235452,219273,212402,233692,219808,224241,222664,199795,224845,230290,196224,255026,237523,213342,265740,198480,211428,219885,207263,251749,4,221341,221385,212083,218049,211251,224152,201531,217438,224389,248107,236454,241592,242588,233145,211849,238937,224360,246197,233647,236591,230589,246524,229240,226042,237244,219965,241533,252155,251646,234923,224715,244245,255005,269020,282117,279376
380438,400733,371488,385735,260449,261178,256442,284510,270439,254210,284845,265071,274737,272140,242566,267546,283582,241196,321438,280768,255852,336077,242594,256922,260012,247018,4,251756,263587,262839,252528,264732,261638,270016,249098,270016,269068,309775,289308,303598,302406,294871,264917,304115,270224,298658,287246,287860,281786,301585,279454,269299,282223,264063,285684,303856,311329,290537,276200,294935,313374,329520,335742,342204
300657,322483,302065,312901,217264,200272,206213,227144,217663,207979,229565,212388,223384,217044,197185,213314,224765,191765,247231,230822,207985,259632,195303,210007,213638,6,247002,207257,219240,219018,204917,214648,210239,217771,199538,216877,217984,244152,230635,238923,236538,229468,206059,238654,218810,238514,230425,229690,226804,235899,218652,218562,228156,217513,233584,243037,244330,226172,222126,236093,250489,263636,265506,271423
318811,340503,315847,331832,224468,216376,215322,240608,227131,215447,238622,223822,231186,235300,207403,226720,237324,204988,263890,243954,219548,276126,201531,219713,6,213624,260025,219892,229179,230035,215742,227854,224797,228814,213435,227848,228596,256647,241399,250614,254730,242560,219673,250322,232154,252984,243459,242347,233981,254502,235306,229103,245973,223045,247869,254582,263725,242386,234075,254056,267737,278696,283318,285755
334395,336083,311533,324320,229479,210896,206634,244803,218498,211121,242491,227526,223985,239847,199201,223200,230042,200089,257199,246790,228458,270502,200439,12,219732,210005,256887,211421,236771,220159,225627,233466,230524,226220,203993,234225,226429,251879,239753,239030,257173,237587,218921,244519,234424,258333,236668,235174,229979,246735,233839,233762,249023,229084,249054,259939,256111,241987,225080,243435,274780,274984,280341,295821
297495,307124,287277,294988,209480,195524,193200,219132,206108,196952,216876,208960,212022,212671,189730,210844,219416,187123,240263,217955,201671,246239,8,200443,201527,195300,242598,198435,207202,206012,198450,208773,202921,211496,191414,214147,211593,233724,220369,228061,228718,220308,200176,225189,213045,228346,219127,220326,217122,233229,213666,210132,220858,209087,225342,233038,238797,222314,213412,224830,243070,251474,256299,258654
397531,425651,391860,402512,279943,264641,262185,291072,282055,266898,294938,280759,289730,285198,252428,284703,296844,250210,335778,297531,268679,10,246216,270506,276146,259645,336069,265732,275969,279978,268951,282680,272597,282596,257356,282081,284745,313684,309005,310228,310979,304655,276948,312317,281453,315075,302144,300537,299891,316029,286461,282764,297164,276258,302556,317841,330959,300751,289421,309614,327899,346043,348874,352575
337565,334069,309251,317753,232907,208350,207176,244070,222157,210275,241237,228924,228728,242420,200172,221395,236272,201972,258077,246112,10,268642,201662,228435,219571,207979,255858,213344,238339,227232,225872,230946,226997,226645,207476,235605,231437,247754,242405,246053,263204,242993,220646,245025,236697,252878,239611,229672,230227,246396,236956,235462,251659,234987,251125,255826,251775,241918,230865,247504,277050,276478,279293,289943
363789,370681,342373,359576,253547,229227,231164,264062,238783,229184,264244,249118,247181,258878,216241,244716,251007,217991,280694,4,246105,297539,217917,246770,243959,230822,280779,237534,252844,241083,243411,251219,247262,246676,220896,255378,249081,278949,268176,263687,281124,264262,239276,268850,254049,279205,263791,258826,253650,270839,256179,255093,269765,254557,275592,279742,279361,267207,250696,266884,296845,299842,304768,324190
371912,402354,373173,390466,261525,256909,254509,277030,265924,255882,277925,270210,273004,265747,243747,274175,286528,237409,2,280683,258062,335776,240261,257210,263864,247211,321401,255031,259028,264259,259994,273421,262956,273911,246192,268879,270826,305638,291964,298807,298821,296911,261836,302044,266819,298766,290033,290492,284876,299380,282871,269735,283918,262917,288555,296675,319058,287807,279436,290519,315349,329488,330545,335068
297216,304963,284797,294254,203814,194746,192458,218328,202768,195674,217518,204951,208441,216194,187267,207730,213023,8,237427,217986,201964,250217,187124,200120,204980,191768,241192,196240,209594,206021,202831,207799,206499,208261,190781,211785,207868,229748,219859,227074,233330,220039,201781,225535,212729,228734,218658,217790,214944,225445,212002,209555,221989,206060,223341,233367,237083,221494,212997,222070,242847,247908,251054,263638
343086,364011,336877,346254,239692,227876,228930,254556,241021,227382,257668,240383,245716,246445,219996,240088,10,213003,286574,251013,236270,296858,219453,230061,237312,224742,283627,230312,241157,240771,230014,243845,237334,245403,226280,244473,245559,281657,262755,265145,269078,261147,234539,270248,241893,268673,260886,254243,251954,267599,251245,244474,257032,240697,262847,271326,274610,261330,251926,262360,281761,297493,299305,306077
324651,343733,318412,328308,225932,219567,219257,237866,231523,216074,235497,232619,231728,236080,208834,4,240089,207762,274193,244749,221404,284700,210854,223214,226687,213341,267590,224830,227038,234115,223009,230396,224521,234086,209040,233387,232216,261482,251022,255398,256149,249688,224410,255798,228547,253874,248127,248660,241572,259073,237650,233628,244324,228735,249271,259051,266818,242583,233395,253300,269261,277157,287287,285262
299706,311647,288635,295172,210512,200117,196712,221803,203294,198794,224568,210311,209342,216123,10,208839,219998,187273,243765,216216,200189,252433,189710,199177,207413,197178,242593,199790,207599,210958,203011,208963,208048,206033,194012,211287,210445,234905,225863,230377,232416,227442,202128,233572,215396,230463,222673,223211,219454,234109,216047,211724,224966,207348,225322,233815,237773,223701,217828,226551,244278,257462,260207,265142
352943,357058,333391,341081,246305,220704,220286,260604,230586,223750,256954,235689,242966,12,216126,236022,246417,216198,265743,258859,242448,285160,212651,239829,235253,217063,272146,222659,250230,237033,237652,242382,241590,238990,219664,246560,244596,267453,257739,259942,272590,249176,227885,259421,247100,271779,251121,246725,242194,260478,243100,246779,262359,238312,265144,276175,265282,255222,238603,257130,287526,287438,292271,310979
331981,352833,323214,331665,232431,225465,222153,243744,231657,225149,247206,234291,0,242979,209342,231692,245730,208439,272971,247186,228727,289745,212010,223990,231164,223388,274719,224225,235256,233368,225596,237754,225867,236577,218528,235362,237234,261392,252730,258331,260130,249444,225603,258387,235499,258278,248721,244310,240366,259040,237892,234652,255668,233822,255051,261419,269937,252091,241669,255115,269065,284669,290918,295157
334363,347458,324151,335214,231026,218644,214475,244621,227929,219525,244047,0,234289,235711,210311,232615,240341,204965,270202,249149,228909,280732,208969,227557,223821,212398,265059,219804,235710,232935,226902,235585,230326,232960,208812,238402,233175,259796,246966,253052,263576,249935,223634,255305,237536,258781,248870,245124,241601,258327,240674,238740,250778,233358,249540,259116,268214,246515,233891,255293,272640,282719,282762,296956
356988,366243,339809,351334,243817,230747,227075,261982,241366,233050,8,244030,247218,256984,224555,235492,257645,217529,277934,264241,241241,294970,216877,242513,238615,229553,284824,233712,251922,244210,240217,248175,249823,240100,228842,253733,250690,272445,263704,273399,286665,263022,241067,265578,251223,273269,260569,253163,252068,270577,253377,250038,268292,245247,269489,279255,273070,267107,251456,265666,296721,297287,303825,317943
307966,328651,303380,313014,217488,207781,205287,232710,217859,2,233075,219521,225140,223801,198781,216027,227391,195664,255857,229179,210279,266899,196955,211125,215466,207964,254228,212400,220754,219821,210604,224490,212472,227382,202783,221273,220283,250631,235944,240819,245250,236173,211512,244502,214883,242317,232196,228265,227319,241688,226811,222005,234555,217194,236483,249331,253736,232401,224725,241400,255900,266396,266523,276892
321799,343130,319947,332304,225511,218200,215299,236635,0,217874,241384,227957,231651,230600,203284,231547,241022,202779,265933,238786,222189,282037,206101,218493,227142,217683,270457,219291,228051,230943,219740,228962,219693,232455,210153,227380,227453,258807,245059,254299,253490,245172,222624,256413,227555,250204,248227,246391,239036,257384,237215,228802,244181,220084,247428,257709,266933,242112,237024,249755,264479,276921,284729,290268
358299,372127,340258,352233,248856,230912,228001,6,236627,232714,261996,244627,243733,260605,221810,237878,254535,218321,277052,264083,244092,291071,219133,244767,240633,227146,284521,235450,250925,243175,239516,246278,244672,248239,226017,250399,245420,278398,264093,265448,274799,258315,235660,269388,250065,276955,257592,251551,249999,264336,250211,254223,268827,243855,270250,279949,275486,257779,249900,270041,297586,300189,305911,317020
306919,323085,302588,310839,214249,207500,4,228014,215289,205280,227063,214482,222162,220274,196713,219257,228919,192452,254460,231163,207189,262200,193197,206649,215311,206211,256446,209032,214658,219730,209716,221589,210951,217157,201086,219018,219476,244322,230803,237792,241111,228869,210277,237887,219792,236905,234079,230527,225168,241855,223645,218735,231304,210131,234618,244136,250393,227949,219962,237437,252450,263170,273364,271681
312927,323396,300802,310780,215162,4,207510,230927,218196,207788,230733,218675,225467,220726,200108,219582,227882,194746,256942,229214,208367,264681,195532,210925,216378,200279,261183,210632,216912,218044,214247,219474,214592,220341,201081,218550,219385,248192,236962,242931,244997,238687,209730,238591,222585,239627,235335,233563,230492,246968,228286,228758,232236,218641,231339,242332,251971,235084,222115,239100,255620,268013,273292,271104
339965,349808,318253,334089,6,215145,214236,248861,225489,217482,243820,231004,232436,246295,210496,225873,239671,203809,261510,253567,232887,279902,209469,229464,224457,217262,260452,222893,238333,232746,227489,236195,231495,228321,213989,240904,236183,258537,246891,254239,263871,246487,223917,250460,241297,266181,244279,243683,236071,252529,237940,243289,258045,236137,258239,262428,261840,249180,233496,252036,275448,284491,288878,299549
464122,494997,462711,14,334128,310791,310853,352253,332284,313005,351343,335182,331679,341091,295134,328269,346233,294263,390492,359615,317774,402469,294982,324338,331819,312886,385722,318002,333630,330558,318473,330932,322929,336948,304654,333235,335506,370139,354625,363174,367125,351641,320001,368041,334539,370271,351713,349085,345463,373898,341595,333948,359657,329134,362335,375485,385594,345689,339124,359947,390012,405502,416283,425630
450662,481078,12,462726,318288,300792,302573,340256,319943,303381,339793,324142,323242,333427,288610,318422,336864,284791,373151,342395,309243,391886,287294,311565,315847,302054,371474,309489,323160,327845,307796,322898,314891,324307,296261,325474,327826,361420,344215,354735,362640,344938,309221,360398,322835,359403,346656,342264,330148,365249,327196,329227,352297,318333,352312,361433,365236,341574,328333,355817,379494,393645,402410,411620
491444,18,481082,495004,349842,323414,323097,372132,343091,328630,366253,347518,352846,357099,311651,343708,364004,304962,402347,370697,334076,425682,307113,336049,340507,322467,400752,332160,350399,346735,337501,345598,343600,349389,322180,354449,346064,390062,371981,386891,391328,368315,335958,384934,347403,387543,370725,367370,358556,387577,355018,357787,378101,343154,376912,387546,395692,368158,353976,379809,411238,422225,433118,443971
24,491381,450655,464110,339996,312885,306916,358340,321801,307982,356963,334338,331990,353002,299699,324497,343001,297142,371869,363810,337591,397491,297514,334449,318814,300621,380379,310743,345697,328327,330281,332673,336181,328626,303614,348613,333654,369654,356518,360945,392006,352673,323577,364434,347358,376711,345073,342312,340688,360136,341425,350923,365654,339574,366664,376384,374355,353142,342141,357487,413898,407159,411674,432129
